$ANSIBLE_VAULT;1.1;AES256
36646439353066643363616233653465633764386538643837306331623332623163353766333563
3363383531373934643835323839656462383965343739300a653838376136346538336230653337
63643736316137616430316634353739666366633564623135313465373664343463386464303865
3238313562613466340a633133313664636439303862636333323639613633353838373435613338
38636439366533396139366264646662623564353037386530343131623961323966333965313935
61633330393665646631343435333532353736376561303238653934326335336534333637663861
66323032636138326261343665326432366231343539343964316631616638656262666537323630
30346235366236353938353432333237646435363134356463323235393034383030333565306331
66393637393033626434373537633237343366643866376536306534346665306664653064653930
61353962373963393732373564336632656131336438653265376233306263653239313433366662
35386531353631393961383333366437383230313661666436616363346230396330643639356232
37383166333131393037663435373364333437643136623039616331343830306335336432396166
62373663323465653733373265373666326565633934383663333734643863376330646566336463
63363762383932666661353139386538313163643538643462313039326231366266366363636538
64376330393563623662383635353566313461376234366463646133653933393330363463306364
33306461326432623635663339366466356139306432666330653864343363346361656365343264
30323030366537393433313332623234356261373132326439336236326261656166623030353739
38336330396432396136623066303962613062663735663166623138313138616539623165646566
63313364353737613839623763376531656436396165666464353864346164383562373437383133
38373562626164616364663232356161326465303734306134343930653762333835376637643034
35363136306233356561333135623334663733346166383438343330613938636531353233656238
33623032333338386663643465313638643264653333363136393366376435306664643838326335
62653934343537313461636334316331643738353564623338346163366230633461376232613466
39663166626531363136386431366338336361326463306637393461386330623230343235346231
3064
